56 98 76 47 77 84 44 90 43 57 45
73 92 95 41 42 87 100 79 95 66 56
55 65 86 45 49 99 75 72 50 41 41 84 62
54 89 76 50 76 58 73 84 88 73 67
93 83 76 71 42 97 43 87 46
84 46 77 61 86 98 47 53 75 90 69 80 56 57
83 90 66 60 90 47 64 91 88 78 72
66 84 68 66 65 70 98 70 77 65 93 52
69 82 71 66 68 68 87 42 94 52 83 45 67 96
88 98 93 57 98 41 100 57 51
100 77 70 75 91 63 44 49 45 76 50
100 47 54 79 88 100 76 59 75 79 74 73 58 100 57
64 89 99 69 83 92 93 42
81 45 64 81 55 41 96 91 62
78 76 54 59 96 99 91 54 56 48 79
79 84 87 64 66 77 76 68 82 71 53 66 61
86 80 66 90 85 48
46 85 98 45 48 57 93 100 69 49 85 56 88 61 85
49 67 55 72 82 53 43 47 88 92 53 94 71
80 65 75 52 48 54 97 72 52 86 90 68 48 54
62 86 60 94 78 92 78 86 83 44
100 64 41 57 98 77 73 48 77
67 55 90 41 60 41 90 51 68 85 69 62 75 75 89
79 55 75 47 64 77 68 79 58 61 46
77 87 67 88 98 42 41 98 77 70
50 41 91 70 89 85 60 44 45 72 91
50 45 58 93 82 45 90 84
93 100 82 62 79 77 91 90 74 93 96 67 67 59
50 62 59 46 95 51 94 78 54 41 74 83 75 67
57 65 95 45 44 84 64 95 44 79 67 86 90 53
48 72 82 46 48 82 54 86 48 67 47 57 64 93
49 88 78 80 46 60 71 86 62 97 80 84
70 47 53 88 68 49 87 93 68 93 99
78 95 90 65 55 46 63 95 41 87
47 43 85 55 69 62 93 47 62 43 96 57 100
99 49 84 91 85 84 62
52 60 62 96 54 52 47 63 53 65 44
60 42 55 53 77 97 55 66 48 63 64
52 84 83 100 56 64 79 44 60 90
98 67 95 62 48 77 52 83 54 44 98 52 87 63 52
61 45 94 76 87 77 69 84 71 41 83 94 47
70 82 74 79 61 74 87 97 97 45 79 67 98
59 52 57 90 86 52 81 72 65 41 78 88 65
83 98 75 50 57 76 91 58 84 83 80
84 90 43 57 57 92 65 55 80 53 86 52 97
85 45 94 43 60 53 93 79 81
100 72 76 89 43 81 87 88
77 45 75 59 62 100 83 79 92 43 97 94 55
48 69 97 74 45 61 60 86 59
71 80 56 49 53 44 91 85 73 68 97 64 74 94
67 44 68 66 55 44 99 82 45 48 90
47 68 41 51 94 68 82 42 47 58 70 49 51 80
47 55 100 89 83 100 89 59 47 43 85 93 50
97 76 53 81 100 68 47 63 96 53 55 98 85 95
77 49 87 86 78 76 79 46 78 65 53 87 66
47 79 95 69 71 65 88 70 56 68
98 63 98 42 42 89 84 68 75 83
68 75 53 77 44 68 71 65 85 90 77
53 64 64 61 84 73 63 55 79 82 55 57 94
74 90 95 79 57 93 64 48 51 75 89
92 50 65 71 86 65 54
45 41 42 52 70 53 55 86 86 50 98
76 43 80 46 42 67 67 89 70 70 54 81 55
82 69 75 46 57 56 83 47 47 67 79 59 73
90 93 55 69 82 52 96 81 79 71 63 68 98 100
54 93 70 80 84 79 73 82 45
98 61 41 48 72 77 79 93 64 80 54 71 76 82
60 52 85 55 93 81 91 95 96 80 93 59 51
89 85 90 60 100 73 71 47 53
94 67 56 49 85 91 79 89 58 49
60 80 55 91 89 100 89 64 77 45 94 100
46 88 53 67 66 72 90 90 80 43 99 59 50 92
42 85 100 49 77 44 51 73 93 95 65 46
60 99 72 43 57 73 52 87 53 82 47
95 55 51 41 49 52 96 55 53 66 84
71 89 56 78 83 46 100 56 68 49 91
41 42 96 96 48 80 88 88 43 56
90 87 92 91 93 67 56 51 97 47 46 48
93 59 69 68 84 68 76 73 63 75 71 89 51
41 65 95 73 75 63 80 54 44 93 91 64
50 47 71 68 47 100 75 92 72 41 78 82 80
86 48 81 95 79 41 56 43 42 80 97 96
83 77 91 67 98 76 60 85
71 86 78 52 79 72 52 69 53 66 81 91
82 52 69 98 73 69 90 87 98 72 76 50
71 92 89 73 94 79 57 48 53 86 54 97
74 70 74 41 57 62 88 56 74 73 53 80 47 96 50 48
84 98 70 71 63 45 59 51 93 68 100
89 95 60 100 46 47 81 74 91 50 86 66
95 90 100 84 67 70 75 62 87 99 76 91 95
86 98 90 77 56 89 96 89 44 50 100 50 55
55 76 73 58 59 91 51 97 51 50 82 87 51
43 76 44 82 42 44 48 87 66 88 54 94 75
57 96 67 71 61 53 88 48 78 48 50
50 43 75 86 54 73 75 93
81 78 67 79 55 75 50 59 75 84 45
92 89 97 57 70 57 46 54
47 78 45 85 66 44 78 63 60 99 69 61
91 80 42 92 51 47 65 70 67 61 74 54 77
64 82 83 69 64 43 73 94 99 65 71 60 90
